<!DOCTYPE html>
<html lang="en">
<head>
<meta charset="utf-8"/>
<style>body{background-color:white;}</style>
<link href="lib/htmltools-fill-0.5.8.1/fill.css" rel="stylesheet" />
<script src="lib/htmlwidgets-1.6.4/htmlwidgets.js"></script>
<script src="lib/plotly-binding-4.10.4/plotly.js"></script>
<script src="lib/typedarray-0.1/typedarray.min.js"></script>
<script src="lib/jquery-3.5.1/jquery.min.js"></script>
<link href="lib/crosstalk-1.2.1/css/crosstalk.min.css" rel="stylesheet" />
<script src="lib/crosstalk-1.2.1/js/crosstalk.min.js"></script>
<link href="lib/plotly-htmlwidgets-css-2.11.1/plotly-htmlwidgets.css" rel="stylesheet" />
<script src="lib/plotly-main-2.11.1/plotly-latest.min.js"></script>

</head>
<body>
<div id="htmlwidget_container">
  <div class="plotly html-widget html-fill-item" id="htmlwidget-c8840f82268664195e38" style="width:100%;height:400px;"></div>
</div>
<script type="application/json" data-for="htmlwidget-c8840f82268664195e38">{"x":{"visdat":{"411bc6ecb18da":["function () ","plotlyVisDat"]},"cur_data":"411bc6ecb18da","attrs":{"411bc6ecb18da":{"x":{},"y":{},"z":{},"alpha_stroke":1,"sizes":[10,100],"spans":[1,20],"type":"surface"}},"layout":{"margin":{"b":40,"l":60,"t":25,"r":10},"title":"3D Bowl-like Paraboloid","scene":{"xaxis":{"title":"b1"},"yaxis":{"title":"b2"},"zaxis":{"title":"Loss"}},"hovermode":"closest","showlegend":false,"legend":{"yanchor":"top","y":0.5}},"source":"A","config":{"modeBarButtonsToAdd":["hoverclosest","hovercompare"],"showSendToCloud":false},"data":[{"colorbar":{"title":"z_matrix","ticklen":2,"len":0.5,"lenmode":"fraction","y":1,"yanchor":"top"},"colorscale":[["0","rgba(68,1,84,1)"],["0.0416666666666667","rgba(70,19,97,1)"],["0.0833333333333333","rgba(72,32,111,1)"],["0.125","rgba(71,45,122,1)"],["0.166666666666667","rgba(68,58,128,1)"],["0.208333333333333","rgba(64,70,135,1)"],["0.25","rgba(60,82,138,1)"],["0.291666666666667","rgba(56,93,140,1)"],["0.333333333333333","rgba(49,104,142,1)"],["0.375","rgba(46,114,142,1)"],["0.416666666666667","rgba(42,123,142,1)"],["0.458333333333333","rgba(38,133,141,1)"],["0.5","rgba(37,144,140,1)"],["0.541666666666667","rgba(33,154,138,1)"],["0.583333333333333","rgba(39,164,133,1)"],["0.625","rgba(47,174,127,1)"],["0.666666666666667","rgba(53,183,121,1)"],["0.708333333333333","rgba(79,191,110,1)"],["0.75","rgba(98,199,98,1)"],["0.791666666666667","rgba(119,207,85,1)"],["0.833333333333333","rgba(147,214,70,1)"],["0.875","rgba(172,220,52,1)"],["0.916666666666667","rgba(199,225,42,1)"],["0.958333333333333","rgba(226,228,40,1)"],["1","rgba(253,231,37,1)"]],"showscale":true,"x":[-10,-9.7979797979797976,-9.5959595959595951,-9.3939393939393945,-9.191919191919192,-8.9898989898989896,-8.7878787878787872,-8.5858585858585865,-8.3838383838383841,-8.1818181818181817,-7.9797979797979792,-7.7777777777777777,-7.5757575757575761,-7.3737373737373737,-7.1717171717171713,-6.9696969696969697,-6.7676767676767682,-6.5656565656565657,-6.3636363636363633,-6.1616161616161618,-5.9595959595959593,-5.7575757575757578,-5.5555555555555554,-5.3535353535353538,-5.1515151515151514,-4.9494949494949498,-4.7474747474747474,-4.5454545454545459,-4.3434343434343434,-4.1414141414141419,-3.9393939393939394,-3.7373737373737379,-3.5353535353535355,-3.333333333333333,-3.1313131313131315,-2.9292929292929291,-2.7272727272727275,-2.5252525252525251,-2.3232323232323235,-2.1212121212121211,-1.9191919191919187,-1.717171717171718,-1.5151515151515156,-1.3131313131313131,-1.1111111111111107,-0.90909090909091006,-0.70707070707070763,-0.50505050505050519,-0.30303030303030276,-0.10101010101010033,0.10101010101010033,0.30303030303030276,0.50505050505050519,0.70707070707070763,0.90909090909090828,1.1111111111111107,1.3131313131313131,1.5151515151515156,1.7171717171717162,1.9191919191919187,2.1212121212121211,2.3232323232323235,2.5252525252525242,2.7272727272727266,2.9292929292929291,3.1313131313131315,3.3333333333333339,3.5353535353535346,3.737373737373737,3.9393939393939394,4.1414141414141419,4.3434343434343425,4.545454545454545,4.7474747474747474,4.9494949494949498,5.1515151515151505,5.3535353535353529,5.5555555555555554,5.7575757575757578,5.9595959595959584,6.1616161616161627,6.3636363636363633,6.565656565656564,6.7676767676767682,6.9696969696969688,7.171717171717173,7.3737373737373737,7.5757575757575744,7.7777777777777786,7.9797979797979792,8.1818181818181799,8.3838383838383841,8.5858585858585847,8.787878787878789,8.9898989898989896,9.1919191919191903,9.3939393939393945,9.5959595959595951,9.7979797979797993,10],"y":[-10,-9.7979797979797976,-9.5959595959595951,-9.3939393939393945,-9.191919191919192,-8.9898989898989896,-8.7878787878787872,-8.5858585858585865,-8.3838383838383841,-8.1818181818181817,-7.9797979797979792,-7.7777777777777777,-7.5757575757575761,-7.3737373737373737,-7.1717171717171713,-6.9696969696969697,-6.7676767676767682,-6.5656565656565657,-6.3636363636363633,-6.1616161616161618,-5.9595959595959593,-5.7575757575757578,-5.5555555555555554,-5.3535353535353538,-5.1515151515151514,-4.9494949494949498,-4.7474747474747474,-4.5454545454545459,-4.3434343434343434,-4.1414141414141419,-3.9393939393939394,-3.7373737373737379,-3.5353535353535355,-3.333333333333333,-3.1313131313131315,-2.9292929292929291,-2.7272727272727275,-2.5252525252525251,-2.3232323232323235,-2.1212121212121211,-1.9191919191919187,-1.717171717171718,-1.5151515151515156,-1.3131313131313131,-1.1111111111111107,-0.90909090909091006,-0.70707070707070763,-0.50505050505050519,-0.30303030303030276,-0.10101010101010033,0.10101010101010033,0.30303030303030276,0.50505050505050519,0.70707070707070763,0.90909090909090828,1.1111111111111107,1.3131313131313131,1.5151515151515156,1.7171717171717162,1.9191919191919187,2.1212121212121211,2.3232323232323235,2.5252525252525242,2.7272727272727266,2.9292929292929291,3.1313131313131315,3.3333333333333339,3.5353535353535346,3.737373737373737,3.9393939393939394,4.1414141414141419,4.3434343434343425,4.545454545454545,4.7474747474747474,4.9494949494949498,5.1515151515151505,5.3535353535353529,5.5555555555555554,5.7575757575757578,5.9595959595959584,6.1616161616161627,6.3636363636363633,6.565656565656564,6.7676767676767682,6.9696969696969688,7.171717171717173,7.3737373737373737,7.5757575757575744,7.7777777777777786,7.9797979797979792,8.1818181818181799,8.3838383838383841,8.5858585858585847,8.787878787878789,8.9898989898989896,9.1919191919191903,9.3939393939393945,9.5959595959595951,9.7979797979797993,10],"z":[[200,196.00040812162024,192.08244056728904,188.24609733700643,184.49137843077239,180.81828384858687,177.22681359044992,173.71696765636159,170.28874604632182,166.94214876033058,163.67717579838791,160.49382716049382,157.3921028466483,154.37200285685134,151.43352719110294,148.57667584940313,145.80144883175188,143.10784613814917,140.49586776859505,137.96551372308949,135.51678400163249,133.14967860422405,130.8641975308642,128.66034078155292,126.53810835629017,124.49750025507602,122.53851647791042,120.6611570247934,118.86542189572492,117.15131109070504,115.5188246097337,113.96796245281094,112.49872461993674,111.11111111111111,109.80512192633405,108.58075706560555,107.43801652892562,106.37690031629425,105.39740842771145,104.49954086317723,103.68329762269155,102.94867870625447,102.29568411386593,101.72431384552597,101.23456790123457,100.82644628099173,100.49994898479747,100.25507601265177,100.09182736455463,100.01020304050607,100.01020304050607,100.09182736455463,100.25507601265177,100.49994898479747,100.82644628099173,101.23456790123457,101.72431384552597,102.29568411386593,102.94867870625446,103.68329762269155,104.49954086317723,105.39740842771145,106.37690031629425,107.43801652892562,108.58075706560555,109.80512192633405,111.11111111111111,112.49872461993674,113.96796245281094,115.5188246097337,117.15131109070504,118.86542189572492,120.66115702479338,122.53851647791042,124.49750025507602,126.53810835629017,128.66034078155289,130.8641975308642,133.14967860422405,135.51678400163246,137.96551372308949,140.49586776859505,143.10784613814914,145.80144883175188,148.5766758494031,151.43352719110297,154.37200285685134,157.39210284664827,160.49382716049382,163.67717579838791,166.94214876033055,170.28874604632182,173.71696765636159,177.22681359044998,180.81828384858687,184.49137843077233,188.24609733700643,192.08244056728904,196.00040812162027,200],[196.00040812162024,192.00081624324048,188.08284868890928,184.24650545862667,180.49178655239263,176.81869197020711,173.22722171207016,169.71737577798183,166.28915416794206,162.94255688195082,159.67758392000815,156.49423528211406,153.39251096826854,150.37241097847158,147.43393531272318,144.57708397102337,141.80185695337212,139.10825425976941,136.49627589021529,133.96592184470973,131.51719212325273,129.15008672584429,126.86460565248444,124.66074890317314,122.53851647791041,120.49790837669626,118.53892459953066,116.66156514641364,114.86583001734516,113.15171921232528,111.51923273135394,109.96837057443118,108.49913274155698,107.11151923273135,105.80553004795429,104.58116518722579,103.43842465054585,102.37730843791449,101.39781654933169,100.49994898479747,99.683705744311794,98.949086827874709,98.296092235486171,97.724721967146209,97.234976022854809,96.826854402611971,96.500357106417709,96.25548413427201,96.092235486174872,96.01061116212631,96.01061116212631,96.092235486174872,96.25548413427201,96.500357106417709,96.826854402611971,97.234976022854809,97.724721967146209,98.296092235486171,98.949086827874694,99.683705744311794,100.49994898479747,101.39781654933169,102.37730843791449,103.43842465054585,104.58116518722579,105.80553004795429,107.11151923273135,108.49913274155698,109.96837057443118,111.51923273135394,113.15171921232528,114.86583001734516,116.66156514641362,118.53892459953066,120.49790837669626,122.53851647791041,124.66074890317313,126.86460565248444,129.15008672584429,131.5171921232527,133.96592184470973,136.49627589021529,139.10825425976938,141.80185695337212,144.57708397102334,147.43393531272321,150.37241097847158,153.39251096826851,156.49423528211406,159.67758392000815,162.94255688195079,166.28915416794206,169.71737577798183,173.22722171207022,176.81869197020711,180.49178655239257,184.24650545862667,188.08284868890928,192.00081624324051,196.00040812162024],[192.08244056728904,188.08284868890928,184.16488113457808,180.32853790429547,176.57381899806143,172.90072441587591,169.30925415773896,165.79940822365063,162.37118661361086,159.02458932761962,155.75961636567695,152.57626772778286,149.47454341393734,146.45444342414038,143.51596775839198,140.65911641669217,137.88388939904092,135.19028670543821,132.57830833588409,130.04795429037853,127.59922456892153,125.23211917151311,122.94663809815324,120.74278134884194,118.62054892357921,116.57994082236506,114.62095704519946,112.74359759208244,110.94786246301396,109.23375165799408,107.60126517702274,106.05040302009998,104.58116518722578,103.19355167840015,101.88756249362309,100.66319763289459,99.520457096214656,98.459340883583295,97.479848995000495,96.581981430466271,95.765738189980596,95.03111927354351,94.378124681154972,93.80675441281501,93.317008468523611,92.908886848280773,92.582389552086511,92.337516579940811,92.174267931843673,92.092643607795111,92.092643607795111,92.174267931843673,92.337516579940811,92.582389552086511,92.908886848280773,93.317008468523611,93.80675441281501,94.378124681154972,95.031119273543496,95.765738189980596,96.581981430466271,97.479848995000495,98.459340883583295,99.520457096214656,100.66319763289459,101.88756249362309,103.19355167840015,104.58116518722578,106.05040302009998,107.60126517702274,109.23375165799408,110.94786246301396,112.74359759208242,114.62095704519946,116.57994082236506,118.62054892357921,120.74278134884193,122.94663809815324,125.23211917151311,127.59922456892151,130.04795429037853,132.57830833588409,135.19028670543818,137.88388939904092,140.65911641669214,143.51596775839201,146.45444342414038,149.47454341393731,152.57626772778286,155.75961636567695,159.02458932761959,162.37118661361086,165.79940822365063,169.30925415773902,172.90072441587591,176.57381899806137,180.32853790429547,184.16488113457808,188.08284868890931,192.08244056728904],[188.24609733700643,184.24650545862667,180.32853790429547,176.49219467401286,172.73747576777879,169.06438118559331,165.47291092745638,161.96306499336805,158.53484338332822,155.18824609733701,151.92327313539434,148.73992449750025,145.63820018365473,142.61810019385777,139.67962452810937,136.82277318640956,134.04754616875829,131.3539434751556,128.74196510560148,126.21161106009592,123.76288133863892,121.3957759412305,119.11029486787064,116.90643811855934,114.7842056932966,112.74359759208245,110.78461381491685,108.90725436179983,107.11151923273135,105.39740842771147,103.76492194674013,102.21405978981737,100.74482195694317,99.357208448117547,98.051219263340485,96.826854402611986,95.684113865932048,94.622997653300686,93.643505764717887,92.745638200183663,91.929394959697987,91.194776043260902,90.541781450872364,89.970411182532402,89.480665238241002,89.072543617998164,88.746046321803902,88.501173349658202,88.337924701561064,88.256300377512503,88.256300377512503,88.337924701561064,88.501173349658202,88.746046321803902,89.072543617998164,89.480665238241002,89.970411182532402,90.541781450872364,91.194776043260887,91.929394959697987,92.745638200183663,93.643505764717887,94.622997653300686,95.684113865932048,96.826854402611986,98.051219263340485,99.357208448117547,100.74482195694317,102.21405978981737,103.76492194674013,105.39740842771147,107.11151923273135,108.90725436179982,110.78461381491685,112.74359759208245,114.7842056932966,116.90643811855932,119.11029486787064,121.3957759412305,123.76288133863891,126.21161106009592,128.74196510560148,131.35394347515557,134.04754616875829,136.82277318640953,139.6796245281094,142.61810019385777,145.6382001836547,148.73992449750028,151.92327313539434,155.18824609733699,158.53484338332822,161.96306499336799,165.47291092745641,169.06438118559331,172.73747576777879,176.49219467401286,180.32853790429547,184.2465054586267,188.24609733700643],[184.49137843077239,180.49178655239263,176.57381899806143,172.73747576777879,168.98275686154474,165.30966227935926,161.71819202122231,158.20834608713398,154.78012447709418,151.43352719110294,148.16855422916029,144.98520559126621,141.88348127742069,138.86338128762372,135.92490562187533,133.06805428017549,130.29282726252424,127.59922456892154,124.98724619936741,122.45689215386184,120.00816243240484,117.64105703499644,115.35557596163656,113.15171921232528,111.02948678706255,108.98887868584839,107.02989490868279,105.15253545556577,103.35680032649729,101.64268952147741,100.01020304050607,98.459340883583309,96.990103050709109,95.602489541883486,94.296500357106424,93.072135496377925,91.929394959697987,90.868278747066626,89.888786858483826,88.990919293949602,88.174676053463926,87.440057137026841,86.787062544638303,86.215692276298341,85.725946332006941,85.317824711764104,84.991327415569842,84.746454443424142,84.583205795327004,84.501581471278442,84.501581471278442,84.583205795327004,84.746454443424142,84.991327415569842,85.317824711764104,85.725946332006941,86.215692276298341,86.787062544638303,87.440057137026827,88.174676053463926,88.990919293949602,89.888786858483826,90.868278747066626,91.929394959697987,93.072135496377925,94.296500357106424,95.602489541883486,96.990103050709109,98.459340883583309,100.01020304050607,101.64268952147741,103.35680032649729,105.15253545556575,107.02989490868279,108.98887868584839,111.02948678706254,113.15171921232528,115.35557596163656,117.64105703499644,120.00816243240484,122.45689215386187,124.98724619936741,127.59922456892153,130.29282726252424,133.06805428017549,135.92490562187533,138.86338128762372,141.88348127742066,144.98520559126621,148.16855422916029,151.43352719110294,154.78012447709418,158.20834608713395,161.71819202122236,165.30966227935926,168.98275686154471,172.73747576777879,176.57381899806143,180.49178655239263,184.49137843077239],[180.81828384858687,176.81869197020711,172.90072441587591,169.06438118559331,165.30966227935926,161.63656769717375,158.04509743903679,154.53525150494846,151.10702989490869,147.76043260891745,144.49545964697478,141.3121110090807,138.21038669523517,135.19028670543821,132.25181103968981,129.39495969799,126.61973268033874,123.92612998673604,121.31415161718192,118.78379757167636,116.33506785021936,113.96796245281094,111.68248137945108,109.47862463013978,107.35639220487704,105.31578410366289,103.35680032649729,101.47944087338027,99.683705744311794,97.969594939291909,96.337108458320571,94.78624630139781,93.317008468523611,91.929394959697987,90.623405774920926,89.399040914192426,88.256300377512488,87.195184164881127,86.215692276298327,85.317824711764104,84.501581471278428,83.766962554841342,83.113967962452804,82.542597694112843,82.052851749821443,81.644730129578605,81.318232833384343,81.073359861238643,80.910111213141505,80.828486889092943,80.828486889092943,80.910111213141505,81.073359861238643,81.318232833384343,81.644730129578605,82.052851749821443,82.542597694112843,83.113967962452804,83.766962554841328,84.501581471278428,85.317824711764104,86.215692276298327,87.195184164881127,88.256300377512488,89.399040914192426,90.623405774920926,91.929394959697987,93.317008468523611,94.78624630139781,96.337108458320571,97.969594939291909,99.683705744311794,101.47944087338026,103.35680032649729,105.31578410366289,107.35639220487704,109.47862463013976,111.68248137945108,113.96796245281094,116.33506785021935,118.78379757167636,121.31415161718192,123.92612998673602,126.61973268033874,129.39495969798998,132.25181103968984,135.19028670543821,138.21038669523514,141.3121110090807,144.49545964697478,147.76043260891743,151.10702989490869,154.53525150494846,158.04509743903685,161.63656769717375,165.3096622793592,169.06438118559331,172.90072441587591,176.81869197020714,180.81828384858687],[177.22681359044992,173.22722171207016,169.30925415773896,165.47291092745638,161.71819202122231,158.04509743903679,154.45362718089987,150.94378124681154,147.51555963677174,144.16896235078053,140.90398938883783,137.72064075094374,134.61891643709825,131.59881644730126,128.66034078155286,125.80348943985305,123.02826242220181,120.33465972859911,117.72268135904497,115.19232731353941,112.74359759208241,110.376492194674,108.09101112131412,105.88715437200284,103.76492194674012,101.72431384552596,99.765330068360356,97.887970615243333,96.092235486174857,94.378124681154972,92.745638200183635,91.194776043260873,89.725538210386674,88.33792470156105,87.031935516783989,85.807570656055489,84.664830119375551,83.60371390674419,82.62422201816139,81.726354453627167,80.910111213141491,80.175492296704405,79.522497704315867,78.951127435975906,78.461381491684506,78.053259871441668,77.726762575247406,77.481889603101706,77.318640955004568,77.237016630956006,77.237016630956006,77.318640955004568,77.481889603101706,77.726762575247406,78.053259871441668,78.461381491684506,78.951127435975906,79.522497704315867,80.175492296704391,80.910111213141491,81.726354453627167,82.62422201816139,83.60371390674419,84.664830119375551,85.807570656055489,87.031935516783989,88.33792470156105,89.725538210386674,91.194776043260873,92.745638200183635,94.378124681154972,96.092235486174857,97.887970615243319,99.765330068360356,101.72431384552596,103.7649219467401,105.88715437200284,108.09101112131412,110.376492194674,112.74359759208241,115.19232731353944,117.72268135904497,120.33465972859909,123.02826242220181,125.80348943985305,128.66034078155292,131.59881644730126,134.61891643709822,137.72064075094377,140.90398938883783,144.16896235078048,147.51555963677174,150.94378124681151,154.4536271808999,158.04509743903679,161.71819202122228,165.47291092745638,169.30925415773896,173.22722171207022,177.22681359044992],[173.71696765636159,169.71737577798183,165.79940822365063,161.96306499336805,158.20834608713398,154.53525150494846,150.94378124681154,147.43393531272321,144.00571370268341,140.6591164166922,137.3941434547495,134.21079481685541,131.10907050300992,128.08897051321293,125.15049484746454,122.29364350576472,119.51841648811347,116.82481379451077,114.21283542495664,111.68248137945108,109.23375165799408,106.86664626058567,104.58116518722579,102.37730843791451,100.25507601265178,98.214467911437623,96.255484134272024,94.378124681155001,92.582389552086525,90.86827874706664,89.235792266095302,87.684930109172541,86.215692276298341,84.828078767472718,83.522089582695656,82.297724721967157,81.154984185287219,80.093867972655858,79.114376084073058,78.216508519538834,77.400265279053158,76.665646362616073,76.012651770227535,75.441281501887573,74.951535557596173,74.543413937353336,74.216916641159074,73.972043669013374,73.808795020916236,73.727170696867674,73.727170696867674,73.808795020916236,73.972043669013374,74.216916641159074,74.543413937353336,74.951535557596173,75.441281501887573,76.012651770227535,76.665646362616059,77.400265279053158,78.216508519538834,79.114376084073058,80.093867972655858,81.154984185287219,82.297724721967157,83.522089582695656,84.828078767472718,86.215692276298341,87.684930109172541,89.235792266095302,90.86827874706664,92.582389552086525,94.378124681154986,96.255484134272024,98.214467911437623,100.25507601265177,102.37730843791451,104.58116518722579,106.86664626058567,109.23375165799408,111.6824813794511,114.21283542495664,116.82481379451076,119.51841648811347,122.29364350576472,125.15049484746457,128.08897051321293,131.10907050300989,134.21079481685544,137.3941434547495,140.65911641669214,144.00571370268341,147.43393531272318,150.94378124681157,154.53525150494846,158.20834608713395,161.96306499336805,165.79940822365063,169.71737577798189,173.71696765636159],[170.28874604632182,166.28915416794206,162.37118661361086,158.53484338332822,154.78012447709418,151.10702989490869,147.51555963677174,144.00571370268341,140.57749209264361,137.23089480665237,133.96592184470973,130.78257320681564,127.68084889297012,124.66074890317314,121.72227323742474,118.86542189572492,116.09019487807367,113.39659218447098,110.78461381491684,108.25425976941128,105.80553004795428,103.43842465054587,101.15294357718599,98.949086827874709,96.826854402611986,94.786246301397824,92.827262524232225,90.949903071115202,89.154167942046726,87.440057137026841,85.807570656055503,84.256708499132742,82.787470666258542,81.399857157432919,80.093867972655858,78.869503111927358,77.72676257524742,76.665646362616059,75.686154474033259,74.788286909499035,73.97204366901336,73.237424752576274,72.584430160187736,72.013059891847774,71.523313947556375,71.115192327313537,70.788695031119275,70.543822058973575,70.380573410876437,70.298949086827875,70.298949086827875,70.380573410876437,70.543822058973575,70.788695031119275,71.115192327313537,71.523313947556375,72.013059891847774,72.584430160187736,73.23742475257626,73.97204366901336,74.788286909499035,75.686154474033259,76.665646362616059,77.72676257524742,78.869503111927358,80.093867972655858,81.399857157432919,82.787470666258542,84.256708499132742,85.807570656055503,87.440057137026841,89.154167942046726,90.949903071115187,92.827262524232225,94.786246301397824,96.826854402611971,98.949086827874709,101.15294357718599,103.43842465054587,105.80553004795428,108.25425976941131,110.78461381491684,113.39659218447096,116.09019487807367,118.86542189572492,121.72227323742477,124.66074890317314,127.68084889297009,130.78257320681564,133.96592184470973,137.23089480665237,140.57749209264361,144.00571370268338,147.5155596367718,151.10702989490869,154.78012447709415,158.53484338332822,162.37118661361086,166.28915416794206,170.28874604632182],[166.94214876033058,162.94255688195082,159.02458932761962,155.18824609733701,151.43352719110294,147.76043260891745,144.16896235078053,140.6591164166922,137.23089480665237,133.88429752066116,130.61932455871849,127.4359759208244,124.33425160697888,121.31415161718192,118.37567595143352,115.51882460973371,112.74359759208245,110.04999489847975,107.43801652892563,104.90766248342007,102.45893276196307,100.09182736455465,97.806346291194785,95.602489541883486,93.480257116620749,91.439649015406602,89.480665238241002,87.603305785123979,85.807570656055503,84.093459851035618,82.460973370064281,80.910111213141519,79.44087338026732,78.053259871441696,76.747270686664635,75.522905825936135,74.380165289256198,73.319049076624836,72.339557188042036,71.441689623507813,70.625446383022137,69.890827466585051,69.237832874196513,68.666462605856552,68.176716661565152,67.768595041322314,67.442097745128052,67.197224772982352,67.033976124885214,66.952351800836652,66.952351800836652,67.033976124885214,67.197224772982352,67.442097745128052,67.768595041322314,68.176716661565152,68.666462605856552,69.237832874196513,69.890827466585037,70.625446383022137,71.441689623507813,72.339557188042036,73.319049076624836,74.380165289256198,75.522905825936135,76.747270686664635,78.053259871441696,79.44087338026732,80.910111213141519,82.460973370064281,84.093459851035618,85.807570656055503,87.603305785123965,89.480665238241002,91.439649015406602,93.480257116620749,95.602489541883472,97.806346291194785,100.09182736455465,102.45893276196306,104.90766248342007,107.43801652892563,110.04999489847972,112.74359759208245,115.51882460973368,118.37567595143355,121.31415161718192,124.33425160697885,127.43597592082442,130.61932455871849,133.88429752066114,137.23089480665237,140.65911641669214,144.16896235078056,147.76043260891745,151.43352719110294,155.18824609733701,159.02458932761962,162.94255688195085,166.94214876033058],[163.67717579838791,159.67758392000815,155.75961636567695,151.92327313539434,148.16855422916029,144.49545964697478,140.90398938883783,137.3941434547495,133.96592184470973,130.61932455871849,127.35435159677581,124.17100295888173,121.06927864503621,118.04917865523925,115.11070298949085,112.25385164779104,109.47862463013978,106.78502193653708,104.17304356698295,101.64268952147739,99.193959800020394,96.826854402611971,94.54137332925211,92.337516579940811,90.215284154678073,88.174676053463926,86.215692276298327,84.338332823181304,82.542597694112828,80.828486889092943,79.196000408121606,77.645138251198844,76.175900418324645,74.788286909499021,73.48229772472196,72.25793286399346,71.115192327313522,70.054076114682161,69.074584226099361,68.176716661565138,67.360473421079462,66.625854504642376,65.972859912253838,65.401489643913877,64.911743699622477,64.503622079379639,64.177124783185377,63.932251811039677,63.769003162942546,63.687378838893977,63.687378838893977,63.769003162942546,63.932251811039677,64.177124783185377,64.503622079379639,64.911743699622477,65.401489643913877,65.972859912253838,66.625854504642362,67.360473421079462,68.176716661565138,69.074584226099361,70.054076114682161,71.115192327313522,72.25793286399346,73.48229772472196,74.788286909499021,76.175900418324645,77.645138251198844,79.196000408121606,80.828486889092943,82.542597694112828,84.33833282318129,86.215692276298327,88.174676053463926,90.215284154678073,92.337516579940797,94.54137332925211,96.826854402611971,99.19395980002038,101.64268952147739,104.17304356698295,106.78502193653705,109.47862463013978,112.25385164779101,115.11070298949087,118.04917865523925,121.06927864503618,124.17100295888174,127.35435159677581,130.61932455871846,133.96592184470973,137.3941434547495,140.90398938883789,144.49545964697478,148.16855422916024,151.92327313539434,155.75961636567695,159.67758392000817,163.67717579838791],[160.49382716049382,156.49423528211406,152.57626772778286,148.73992449750025,144.98520559126621,141.3121110090807,137.72064075094374,134.21079481685541,130.78257320681564,127.4359759208244,124.17100295888173,120.98765432098764,117.88593000714212,114.86583001734516,111.92735435159676,109.07050300989695,106.29527599224569,103.60167329864299,100.98969492908887,98.459340883583309,96.01061116212631,93.643505764717887,91.358024691358025,89.154167942046726,87.031935516783989,84.991327415569842,83.032343638404242,81.154984185287219,79.359249056218744,77.645138251198858,76.012651770227521,74.461789613304759,72.99255178043056,71.604938271604937,70.298949086827875,69.074584226099375,67.931843689419438,66.870727476788076,65.891235588205276,64.993368023671053,64.177124783185377,63.442505866748292,62.789511274359754,62.218141006019792,61.728395061728392,61.320273441485561,60.993776145291292,60.748903173145592,60.585654525048461,60.504030200999892,60.504030200999892,60.585654525048461,60.748903173145592,60.993776145291292,61.320273441485554,61.728395061728392,62.218141006019792,62.789511274359754,63.442505866748284,64.177124783185377,64.993368023671053,65.891235588205276,66.870727476788076,67.931843689419438,69.074584226099375,70.298949086827875,71.604938271604937,72.99255178043056,74.461789613304759,76.012651770227521,77.645138251198858,79.359249056218744,81.154984185287205,83.032343638404242,84.991327415569842,87.031935516783989,89.154167942046712,91.358024691358025,93.643505764717887,96.010611162126295,98.459340883583309,100.98969492908887,103.60167329864296,106.29527599224569,109.07050300989692,111.92735435159679,114.86583001734516,117.88593000714209,120.98765432098766,124.17100295888173,127.43597592082438,130.78257320681564,134.21079481685541,137.7206407509438,141.3121110090807,144.98520559126615,148.73992449750025,152.57626772778286,156.49423528211409,160.49382716049382],[157.3921028466483,153.39251096826854,149.47454341393734,145.63820018365473,141.88348127742069,138.21038669523517,134.61891643709825,131.10907050300992,127.68084889297012,124.33425160697888,121.06927864503621,117.88593000714212,114.78420569329661,111.76410570349964,108.82563003775124,105.96877869605143,103.19355167840018,100.49994898479747,97.887970615243347,95.357616569737786,92.908886848280787,90.541781450872378,88.256300377512503,86.052443628201218,83.93021120293848,81.889603101724319,79.93061932455872,78.053259871441696,76.257524742373235,74.543413937353336,72.910927456382012,71.360065299459251,69.890827466585051,68.503213957759414,67.197224772982352,65.972859912253853,64.830119375573929,63.76900316294256,62.789511274359768,61.89164370982553,61.075400469339868,60.340781552902776,59.687786960514238,59.116416692174276,58.626670747882876,58.218549127640046,57.892051831445777,57.647178859300077,57.483930211202946,57.402305887154377,57.402305887154377,57.483930211202946,57.647178859300077,57.892051831445777,58.218549127640038,58.626670747882876,59.116416692174276,59.687786960514238,60.340781552902769,61.075400469339868,61.89164370982553,62.789511274359768,63.769003162942553,64.830119375573929,65.972859912253853,67.197224772982352,68.503213957759414,69.890827466585037,71.360065299459237,72.910927456382012,74.543413937353336,76.257524742373221,78.053259871441696,79.93061932455872,81.889603101724319,83.930211202938466,86.052443628201203,88.256300377512503,90.541781450872378,92.908886848280787,95.3576165697378,97.887970615243347,100.49994898479746,103.19355167840018,105.96877869605142,108.82563003775127,111.76410570349964,114.78420569329658,117.88593000714215,121.06927864503621,124.33425160697885,127.68084889297012,131.10907050300989,134.61891643709828,138.21038669523517,141.88348127742066,145.63820018365473,149.47454341393734,153.39251096826857,157.3921028466483],[154.37200285685134,150.37241097847158,146.45444342414038,142.61810019385777,138.86338128762372,135.19028670543821,131.59881644730126,128.08897051321293,124.66074890317314,121.31415161718192,118.04917865523925,114.86583001734516,111.76410570349964,108.74400571370268,105.80553004795428,102.94867870625447,100.17345168860321,97.479848995000509,94.867870625446386,92.337516579940825,89.888786858483826,87.521681461075403,85.236200387715542,83.032343638404242,80.910111213141505,78.869503111927358,76.910519334761759,75.033159881644735,73.23742475257626,71.523313947556375,69.890827466585037,68.339965309662276,66.870727476788076,65.483113967962453,64.177124783185391,62.952759922456892,61.810019385776961,60.748903173145592,59.7694112845628,58.871543720028562,58.0553004795429,57.320681563105808,56.66768697071727,56.096316702377308,55.606570758085908,55.198449137843077,54.871951841648809,54.627078869503109,54.463830221405978,54.382205897357409,54.382205897357409,54.463830221405978,54.627078869503109,54.871951841648809,55.19844913784307,55.606570758085908,56.096316702377308,56.66768697071727,57.320681563105801,58.0553004795429,58.871543720028562,59.7694112845628,60.748903173145592,61.810019385776954,62.952759922456892,64.177124783185391,65.483113967962453,66.870727476788076,68.339965309662276,69.890827466585037,71.523313947556375,73.23742475257626,75.033159881644721,76.910519334761759,78.869503111927358,80.910111213141505,83.032343638404228,85.236200387715542,87.521681461075403,89.888786858483812,92.337516579940825,94.867870625446386,97.479848995000481,100.17345168860321,102.94867870625444,105.80553004795431,108.74400571370268,111.76410570349961,114.86583001734517,118.04917865523925,121.31415161718189,124.66074890317314,128.08897051321293,131.59881644730132,135.19028670543821,138.86338128762367,142.61810019385777,146.45444342414038,150.37241097847161,154.37200285685134],[151.43352719110294,147.43393531272318,143.51596775839198,139.67962452810937,135.92490562187533,132.25181103968981,128.66034078155286,125.15049484746454,121.72227323742474,118.37567595143352,115.11070298949085,111.92735435159676,108.82563003775124,105.80553004795428,102.86705438220588,100.01020304050607,97.234976022854809,94.54137332925211,91.929394959697987,89.399040914192426,86.950311192735427,84.583205795327004,82.297724721967143,80.093867972655843,77.971635547393106,75.931027446178959,73.97204366901336,72.094684215896336,70.298949086827861,68.584838281807976,66.952351800836638,65.401489643913877,63.932251811039677,62.544638302214047,61.238649117436992,60.014284256708493,58.871543720028562,57.810427507397193,56.830935618814401,55.933068054280163,55.116824813794501,54.382205897357409,53.729211304968871,53.157841036628909,52.668095092337509,52.259973472094678,51.93347617590041,51.68860320375471,51.525354555657579,51.44373023160901,51.44373023160901,51.525354555657579,51.68860320375471,51.93347617590041,52.259973472094671,52.668095092337509,53.157841036628909,53.729211304968871,54.382205897357402,55.116824813794501,55.933068054280163,56.830935618814401,57.810427507397193,58.871543720028555,60.014284256708493,61.238649117436992,62.544638302214054,63.932251811039677,65.401489643913877,66.952351800836638,68.584838281807976,70.298949086827861,72.094684215896322,73.97204366901336,75.931027446178959,77.971635547393106,80.093867972655829,82.297724721967143,84.583205795327004,86.950311192735413,89.399040914192426,91.929394959697987,94.541373329252082,97.234976022854809,100.01020304050604,102.86705438220591,105.80553004795428,108.82563003775121,111.92735435159678,115.11070298949085,118.37567595143349,121.72227323742474,125.15049484746451,128.66034078155292,132.25181103968981,135.92490562187527,139.67962452810937,143.51596775839198,147.43393531272321,151.43352719110294],[148.57667584940313,144.57708397102337,140.65911641669217,136.82277318640956,133.06805428017549,129.39495969799,125.80348943985305,122.29364350576472,118.86542189572492,115.51882460973371,112.25385164779104,109.07050300989695,105.96877869605143,102.94867870625447,100.01020304050607,97.153351698806247,94.378124681154986,91.684521987552301,89.072543617998164,86.542189572492603,84.093459851035604,81.726354453627181,79.44087338026732,77.237016630956035,75.114784205693297,73.074176104479136,71.115192327313537,69.237832874196513,67.442097745128052,65.727986940108153,64.095500459136829,62.544638302214068,61.075400469339868,59.687786960514231,58.381797775737169,57.15743291500867,56.014692378328746,54.953576165697378,53.974084277114585,53.076216712580347,52.259973472094686,51.525354555657593,50.872359963269055,50.300989694929093,49.811243750637693,49.403122130394863,49.076624834200594,48.831751862054894,48.668503213957763,48.586878889909194,48.586878889909194,48.668503213957763,48.831751862054894,49.076624834200594,49.403122130394856,49.811243750637693,50.300989694929093,50.872359963269055,51.525354555657586,52.259973472094686,53.076216712580347,53.974084277114585,54.95357616569737,56.014692378328739,57.15743291500867,58.381797775737169,59.687786960514238,61.075400469339861,62.544638302214061,64.095500459136829,65.727986940108153,67.442097745128038,69.237832874196499,71.115192327313537,73.074176104479136,75.114784205693283,77.23701663095602,79.44087338026732,81.726354453627181,84.09345985103559,86.542189572492617,89.072543617998164,91.684521987552273,94.378124681154986,97.153351698806233,100.0102030405061,102.94867870625447,105.9687786960514,109.07050300989695,112.25385164779104,115.51882460973368,118.86542189572492,122.29364350576469,125.80348943985311,129.39495969799,133.06805428017546,136.82277318640956,140.65911641669217,144.5770839710234,148.57667584940313],[145.80144883175188,141.80185695337212,137.88388939904092,134.04754616875829,130.29282726252424,126.61973268033874,123.02826242220181,119.51841648811347,116.09019487807367,112.74359759208245,109.47862463013978,106.29527599224569,103.19355167840018,100.17345168860321,97.234976022854809,94.378124681154986,91.60289766350374,88.90929496990104,86.297316600346903,83.766962554841342,81.318232833384343,78.951127435975934,76.665646362616059,74.461789613304774,72.33955718804205,70.298949086827889,68.33996530966229,66.462605856545267,64.666870727476791,62.952759922456906,61.320273441485568,59.769411284562807,58.300173451688607,56.912559942862977,55.606570758085923,54.382205897357423,53.239465360677492,52.178349148046124,51.198857259463331,50.300989694929093,49.484746454443432,48.750127538006339,48.097132945617801,47.525762677277839,47.03601673298644,46.627895112743609,46.30139781654934,46.05652484440364,45.893276196306509,45.81165187225794,45.81165187225794,45.893276196306509,46.05652484440364,46.30139781654934,46.627895112743602,47.03601673298644,47.525762677277839,48.097132945617801,48.750127538006332,49.484746454443432,50.300989694929093,51.198857259463331,52.178349148046124,53.239465360677485,54.382205897357423,55.606570758085923,56.912559942862984,58.300173451688607,59.769411284562807,61.320273441485568,62.952759922456906,64.666870727476791,66.462605856545252,68.33996530966229,70.298949086827889,72.339557188042036,74.461789613304774,76.665646362616059,78.951127435975934,81.318232833384343,83.766962554841371,86.297316600346903,88.909294969901026,91.60289766350374,94.378124681154986,97.234976022854838,100.17345168860321,103.19355167840015,106.29527599224571,109.47862463013978,112.74359759208242,116.09019487807367,119.51841648811344,123.02826242220185,126.61973268033874,130.29282726252421,134.04754616875829,137.88388939904092,141.80185695337212,145.80144883175188],[143.10784613814917,139.10825425976941,135.19028670543821,131.3539434751556,127.59922456892154,123.92612998673604,120.33465972859911,116.82481379451077,113.39659218447098,110.04999489847975,106.78502193653708,103.60167329864299,100.49994898479747,97.479848995000509,94.54137332925211,91.684521987552301,88.90929496990104,86.215692276298341,83.603713906744218,81.073359861238657,78.624630139781658,76.257524742373235,73.972043669013374,71.768186919702075,69.645954494439337,67.60534639322519,65.646362616059591,63.769003162942568,61.973268033874092,60.259157228854207,58.626670747882869,57.075808590960108,55.606570758085908,54.218957249260278,52.912968064483223,51.688603203754724,50.545862667074793,49.484746454443425,48.505254565860632,47.607387001326394,46.791143760840733,46.05652484440364,45.403530252015102,44.83215998367514,44.34241403938374,43.93429241914091,43.607795122946641,43.362922150800941,43.19967350270381,43.118049178655241,43.118049178655241,43.19967350270381,43.362922150800941,43.607795122946641,43.934292419140903,44.34241403938374,44.83215998367514,45.403530252015102,46.056524844403633,46.791143760840733,47.607387001326394,48.505254565860632,49.484746454443425,50.545862667074786,51.688603203754724,52.912968064483223,54.218957249260285,55.606570758085908,57.075808590960108,58.626670747882869,60.259157228854207,61.973268033874092,63.769003162942553,